Memory usage: 
Run 0: 
UNet Model before: [2.536292352, 2.063765504, 1.448083456, 1.225048064, 1.58728192, 0.954875904, 1.507790848, 2.216071168, 3.423219712, 1.132670976]
UNet Model after: [0.956178432, 2.064084992, 1.448476672, 1.224318976, 1.587503104, 0.956215296, 1.507762176, 1.971228672, 3.422654464, 1.132343296]
Main usage 0: [1.226559488]
Run 1: 
UNet Model before: [2.573889536, 2.101362688, 1.4772224, 1.175404544, 1.03153664, 1.1851776, 1.535721472, 2.243559424, 3.435962368, 1.157828608]
UNet Model after: [2.573312, 2.101723136, 1.477472256, 1.175195648, 1.032032256, 1.185001472, 1.535434752, 2.243678208, 3.43701504, 1.156890624]
Main usage 1: [1.226559488, 1.136349184]
Run 2: 
UNet Model before: [2.606743552, 2.135908352, 1.507930112, 1.206243328, 1.064194048, 1.223725056, 1.571151872, 2.272514048, 3.486040064, 1.185841152]
UNet Model after: [2.606235648, 2.136076288, 1.50820864, 1.206042624, 1.064804352, 1.223622656, 1.571155968, 2.19488256, 3.486171136, 1.185767424]
Main usage 2: [1.226559488, 1.136349184, 1.159233536]
Run 3: 
UNet Model before: [2.64052736, 2.169024512, 1.542447104, 1.22443776, 1.06438656, 1.261203456, 1.20530944, 2.30955008, 3.508649984, 1.231609856]
UNet Model after: [2.64022016, 2.169102336, 1.543897088, 1.223643136, 1.063563264, 1.262022656, 1.205817344, 2.152849408, 3.508752384, 1.231335424]
Main usage 3: [1.226559488, 1.136349184, 1.159233536, 1.188491264]
Run 4: 
UNet Model before: [2.691272704, 2.213466112, 1.5899648, 1.293103104, 1.148542976, 1.303379968, 1.655259136, 2.367750144, 3.76602624, 1.2762112]
UNet Model after: [2.691088384, 2.17106432, 1.589579776, 1.293135872, 1.149497344, 1.303662592, 1.656037376, 2.36767232, 2.971336704, 1.276837888]
Main usage 4: [1.226559488, 1.136349184, 1.159233536, 1.188491264, 1.234141184]
Run 5: 
UNet Model before: [2.58516992, 2.381766656, 1.487507456, 1.167695872, 1.084919808, 1.200263168, 1.55080704, 2.249805824, 2.027216896, 1.171615744]
UNet Model after: [2.584174592, 2.145718272, 1.48865024, 1.168195584, 1.085333504, 1.201188864, 1.5511552, 2.24946176, 2.0257792, 1.170407424]
Main usage 5: [1.226559488, 1.136349184, 1.159233536, 1.188491264, 1.234141184, 1.277894656]
Run 6: 
UNet Model before: [2.632687616, 2.161893376, 1.53411584, 1.23265024, 1.088950272, 1.247408128, 1.597100032, 2.311102464, 3.501481984, 1.217552384]
UNet Model after: [2.63299072, 2.16209408, 1.534676992, 1.232830464, 1.088335872, 1.24717056, 1.596071936, 2.143563776, 3.501637632, 1.217544192]
Main usage 6: [1.226559488, 1.136349184, 1.159233536, 1.188491264, 1.234141184, 1.277894656, 1.173368832]
Run 7: 
UNet Model before: [2.673733632, 2.202259456, 1.579515904, 1.258582016, 1.136672768, 1.090859008, 1.237782528, 2.342998016, 3.77561088, 1.272901632]
UNet Model after: [2.673938432, 2.202595328, 1.579077632, 1.258934272, 1.136979968, 1.090977792, 1.238073344, 2.264100864, 3.305865216, 1.27250432]
Main usage 7: [1.226559488, 1.136349184, 1.159233536, 1.188491264, 1.234141184, 1.277894656, 1.173368832, 1.21960448]
Run 8: 
UNet Model before: [2.719092736, 2.098098176, 1.119469568, 0.973041664, 1.028366336, 1.187627008, 1.537626112, 2.24208896, 3.62911744, 1.148055552]
UNet Model after: [2.719813632, 2.097618944, 1.119633408, 0.97318912, 1.029214208, 1.187590144, 1.539600384, 2.075324416, 2.845188096, 1.147592704]
Main usage 8: [1.226559488, 1.136349184, 1.159233536, 1.188491264, 1.234141184, 1.277894656, 1.173368832, 1.21960448, 1.275158528]
Run 9: 
UNet Model before: [2.594684928, 2.123296768, 1.49997568, 1.205604352, 0.923906048, 1.21116672, 1.562329088, 2.268745728, 3.45182208, 1.183428608]
UNet Model after: [2.594603008, 2.122903552, 1.500274688, 1.207402496, 0.922914816, 1.211285504, 1.563553792, 2.26924544, 3.451904, 1.183014912]
Main usage 9: [1.226559488, 1.136349184, 1.159233536, 1.188491264, 1.234141184, 1.277894656, 1.173368832, 1.21960448, 1.275158528, 1.151606784]
Run 10: 
UNet Model before: [2.64196096, 2.164506624, 1.541709824, 1.227956224, 1.104228352, 1.258856448, 1.620881408, 2.312871936, 2.105552896, 1.23947008]
UNet Model after: [2.641227776, 2.084466688, 1.541644288, 1.227833344, 1.104412672, 1.259712512, 1.620619264, 2.3128064, 2.106617856, 1.240158208]
Main usage 10: [1.226559488, 1.136349184, 1.159233536, 1.188491264, 1.234141184, 1.277894656, 1.173368832, 1.21960448, 1.275158528, 1.151606784, 1.185959936]
Run 11: 
UNet Model before: [2.686644224, 2.214965248, 1.589395456, 1.268117504, 1.111871488, 1.309876224, 1.668030464, 2.253512704, 3.77155584, 1.274851328]
UNet Model after: [2.686083072, 2.215440384, 1.589460992, 1.268928512, 1.11323136, 1.309884416, 1.668284416, 2.253778944, 0.952508416, 1.274933248]
Main usage 11: [1.226559488, 1.136349184, 1.159233536, 1.188491264, 1.234141184, 1.277894656, 1.173368832, 1.21960448, 1.275158528, 1.151606784, 1.185959936, 1.243099136]
Run 12: 
UNet Model before: [2.574974976, 2.099970048, 1.470541824, 1.151209472, 1.00569088, 1.182973952, 1.536720896, 2.235588608, 3.439915008, 1.15544064]
UNet Model after: [2.575630336, 2.100072448, 1.471205376, 1.15136512, 1.004507136, 1.182957568, 1.536516096, 2.001690624, 2.655412224, 1.155407872]
Main usage 12: [1.226559488, 1.136349184, 1.159233536, 1.188491264, 1.234141184, 1.277894656, 1.173368832, 1.21960448, 1.275158528, 1.151606784, 1.185959936, 1.243099136, 0.999235584]
Run 13: 
UNet Model before: [2.599231488, 2.125508608, 1.503342592, 1.182367744, 1.024237568, 1.219223552, 1.163390976, 2.166841344, 3.689414656, 1.187188736]
UNet Model after: [1.022226432, 2.12557824, 1.502142464, 1.182449664, 1.02531072, 1.219207168, 1.163354112, 2.088677376, 2.883854336, 1.187803136]
Main usage 13: [1.226559488, 1.136349184, 1.159233536, 1.188491264, 1.234141184, 1.277894656, 1.173368832, 1.21960448, 1.275158528, 1.151606784, 1.185959936, 1.243099136, 0.999235584, 1.151062016]
Run 14: 
UNet Model before: [2.645159936, 2.442182656, 1.5500288, 1.22714112, 1.069244416, 1.260568576, 1.623330816, 2.211250176, 3.505721344, 1.226735616]
UNet Model after: [0.910184448, 2.204884992, 1.55015168, 1.227874304, 1.06907648, 1.260924928, 1.622765568, 0.989671424, 3.505532928, 1.226596352]
Main usage 14: [1.226559488, 1.136349184, 1.159233536, 1.188491264, 1.234141184, 1.277894656, 1.173368832, 1.21960448, 1.275158528, 1.151606784, 1.185959936, 1.243099136, 0.999235584, 1.151062016, 0.910032896]
Run 15: 
UNet Model before: [2.682650624, 2.211508224, 1.58519296, 1.268293632, 1.106735104, 1.303109632, 1.6508928, 2.88237568, 3.758096384, 3.050418176]
UNet Model after: [2.684030976, 2.212212736, 1.585291264, 1.267265536, 1.107345408, 1.30455552, 1.652031488, 2.481168384, 3.051126784, 0.949264384]
Main usage 15: [1.226559488, 1.136349184, 1.159233536, 1.188491264, 1.234141184, 1.277894656, 1.173368832, 1.21960448, 1.275158528, 1.151606784, 1.185959936, 1.243099136, 0.999235584, 1.151062016, 0.910032896, 1.227935744]
Dice Score: 0.9717552065849304
