Memory usage: 
Run 0: 
UNet Model before: [2.614382592, 1.520590848, 1.520656384, 1.201037312, 0.96325632, 1.03923712, 1.595170816, 1.582338048, 2.114482176, 1.247137792]
UNet Model after: [2.614575104, 1.520652288, 1.520656384, 1.20150016, 0.963411968, 1.040347136, 1.594191872, 1.582235648, 2.113622016, 1.246879744]
Main usage 0: [1.283981312]
Run 1: 
UNet Model before: [2.685984768, 2.45469184, 1.552982016, 1.226559488, 1.107247104, 1.065488384, 1.615560704, 2.313814016, 3.710328832, 3.0036992]
UNet Model after: [2.66596352, 2.374193152, 1.553608704, 1.227710464, 1.109180416, 1.065324544, 1.614577664, 2.236350464, 3.082805248, 0.911364096]
Main usage 1: [1.283981312, 1.251217408]
Run 2: 
UNet Model before: [2.68292096, 2.479828992, 1.58722048, 1.265258496, 1.18464512, 1.302540288, 1.651777536, 2.3584768, 3.738288128, 1.261293568]
UNet Model after: [2.682949632, 2.479976448, 1.587503104, 1.26568448, 1.184415744, 1.30246656, 1.651392512, 2.280464384, 3.110703104, 1.259515904]
Main usage 2: [1.283981312, 1.251217408, 0.948105216]
Run 3: 
UNet Model before: [2.724401152, 2.25019904, 1.624887296, 1.385299968, 1.146724352, 1.340862464, 1.69222144, 2.911916032, 3.601158144, 1.307000832]
UNet Model after: [2.723016704, 2.249859072, 1.626349568, 1.386983424, 1.14788352, 1.341108224, 1.692110848, 2.52100608, 1.145311232, 1.30576384]
Main usage 3: [1.283981312, 1.251217408, 0.948105216, 0.98914304]
Run 4: 
UNet Model before: [2.778796032, 2.301763584, 1.6731136, 1.355923456, 1.229934592, 1.18315008, 1.737601024, 2.43798016, 3.832180736, 3.12254464]
UNet Model after: [2.779889664, 2.301145088, 1.67370752, 1.355718656, 1.230647296, 1.18341632, 1.736761344, 2.356482048, 3.123945472, 3.122880512]
Main usage 4: [1.283981312, 1.251217408, 0.948105216, 0.98914304, 1.30783232]
Run 5: 
UNet Model before: [2.673795072, 2.47074816, 1.564798976, 1.243815936, 1.086574592, 1.280602112, 1.637117952, 2.326667264, 3.746840576, 1.24960768]
UNet Model after: [2.674163712, 2.388758528, 1.565577216, 1.244184576, 1.086693376, 1.280339968, 1.636425728, 2.326454272, 3.096993792, 1.24966912]
Main usage 5: [1.283981312, 1.251217408, 0.948105216, 0.98914304, 1.30783232, 1.053097984]
Run 6: 
UNet Model before: [2.705932288, 2.236260352, 1.611087872, 1.291886592, 1.210933248, 1.32560896, 1.267392512, 2.37002752, 3.781054464, 1.295343616]
UNet Model after: [2.707361792, 2.236469248, 1.612570624, 1.293262848, 1.2111872, 1.325154304, 1.267675136, 2.292002816, 0.973459456, 1.294323712]
Main usage 6: [1.283981312, 1.251217408, 0.948105216, 0.98914304, 1.30783232, 1.053097984, 0.971800576]
Run 7: 
UNet Model before: [2.75163136, 2.27966976, 1.657380864, 1.357852672, 1.216159744, 1.372151808, 1.72292096, 2.429693952, 3.826597888, 1.340899328]
UNet Model after: [2.752483328, 2.279432192, 1.65709824, 1.357586432, 1.21485312, 1.372946432, 1.723723776, 2.429698048, 3.031617536, 1.340710912]
Main usage 7: [1.283981312, 1.251217408, 0.948105216, 0.98914304, 1.30783232, 1.053097984, 0.971800576, 1.00855808]
Run 8: 
UNet Model before: [2.803048448, 2.17974784, 1.5511552, 1.059049472, 1.109389312, 1.266569216, 1.616248832, 2.324226048, 3.503898624, 1.225961472]
UNet Model after: [2.802475008, 2.178527232, 1.551273984, 1.057120256, 1.109037056, 1.268191232, 1.617637376, 2.157535232, 3.504914432, 1.226113024]
Main usage 8: [1.283981312, 1.251217408, 0.948105216, 0.98914304, 1.30783232, 1.053097984, 0.971800576, 1.00855808, 1.34289408]
Run 9: 
UNet Model before: [2.670723072, 2.198990848, 1.218015232, 1.251774464, 1.136693248, 1.292439552, 1.640984576, 2.33609216, 3.537145856, 1.258860544]
UNet Model after: [1.091485696, 2.198990848, 1.218461696, 1.252585472, 1.137000448, 1.29243136, 1.640996864, 2.180370432, 3.5380224, 1.25825024]
Main usage 9: [1.283981312, 1.251217408, 0.948105216, 0.98914304, 1.30783232, 1.053097984, 0.971800576, 1.00855808, 1.34289408, 1.226579968]
Run 10: 
UNet Model before: [2.720096256, 2.24884736, 1.621110784, 1.301037056, 1.13963008, 1.13330176, 1.683468288, 2.39161344, 3.571208192, 1.303957504]
UNet Model after: [2.721083392, 2.248839168, 1.621127168, 1.301495808, 1.139765248, 1.13342464, 1.684672512, 2.225414144, 3.571511296, 1.303113728]
Main usage 10: [1.283981312, 1.251217408, 0.948105216, 0.98914304, 1.30783232, 1.053097984, 0.971800576, 1.00855808, 1.34289408, 1.226579968, 1.260761088]
Run 11: 
UNet Model before: [2.760552448, 2.289188864, 1.656664064, 1.3428736, 1.223634944, 1.382412288, 1.323470848, 2.324680704, 3.630174208, 1.347637248]
UNet Model after: [2.760810496, 2.288406528, 1.657872384, 1.342906368, 1.223753728, 1.382465536, 1.32354048, 2.246402048, 3.6307968, 1.347915776]
Main usage 11: [1.283981312, 1.251217408, 0.948105216, 0.98914304, 1.30783232, 1.053097984, 0.971800576, 1.00855808, 1.34289408, 1.226579968, 1.260761088, 1.304936448]
Run 12: 
UNet Model before: [2.643734528, 2.170826752, 1.191919616, 1.22605568, 1.104621568, 1.058619392, 1.204916224, 2.30754304, 3.499782144, 1.22996736]
UNet Model after: [2.643869696, 2.171805696, 1.192423424, 1.22640384, 1.106198528, 1.059340288, 1.205030912, 2.230177792, 3.499216896, 1.22970112]
Main usage 12: [1.283981312, 1.251217408, 0.948105216, 0.98914304, 1.30783232, 1.053097984, 0.971800576, 1.00855808, 1.34289408, 1.226579968, 1.260761088, 1.304936448, 1.350774784]
Run 13: 
UNet Model before: [2.6748928, 2.203467776, 1.577496576, 1.104826368, 1.139257344, 1.297502208, 1.644163072, 2.340450304, 3.749011456, 1.275318272]
UNet Model after: [2.675433472, 2.203529216, 1.578876928, 1.103716352, 1.138511872, 1.297752064, 1.645064192, 2.263719936, 1.10876672, 1.276358656]
Main usage 13: [1.283981312, 1.251217408, 0.948105216, 0.98914304, 1.30783232, 1.053097984, 0.971800576, 1.00855808, 1.34289408, 1.226579968, 1.260761088, 1.304936448, 1.350774784, 0.941522944]
Run 14: 
UNet Model before: [2.72070656, 2.246295552, 1.62430976, 1.128726528, 1.182662656, 1.340649472, 1.287254016, 2.387103744, 3.579498496, 1.29984512]
UNet Model after: [1.14302976, 2.24718848, 1.62514944, 1.128067072, 1.182769152, 1.340186624, 1.287892992, 2.309689344, 3.580039168, 1.299816448]
Main usage 14: [1.283981312, 1.251217408, 0.948105216, 0.98914304, 1.30783232, 1.053097984, 0.971800576, 1.00855808, 1.34289408, 1.226579968, 1.260761088, 1.304936448, 1.350774784, 0.941522944, 0.985391104]
Run 15: 
UNet Model before: [2.756780032, 2.286034944, 1.310441472, 1.339736064, 1.221320704, 1.379713024, 1.737908224, 2.426630144, 3.625824256, 1.358340096]
UNet Model after: [2.757341184, 2.286227456, 1.309536256, 1.340428288, 1.221566464, 1.3787136, 1.738776576, 2.427109376, 3.626160128, 1.3577216]
Main usage 15: [1.283981312, 1.251217408, 0.948105216, 0.98914304, 1.30783232, 1.053097984, 0.971800576, 1.00855808, 1.34289408, 1.226579968, 1.260761088, 1.304936448, 1.350774784, 0.941522944, 0.985391104, 1.302388736]
Dice Score: 0.9717552065849304
