Memory usage: 
Run 0: 
UNet Model before: [1.19998464, 1.669763072, 1.675984896, 1.446957056, 1.822121984, 1.395843072, 1.752940544, 2.292539392, 3.59747584, 1.317879808]
UNet Model after: [1.35698432, 1.66909952, 1.674907648, 1.445740544, 1.822879744, 1.397223424, 1.753227264, 2.292293632, 3.596627968, 1.317502976]
Main usage 0: [1.449418752]
Run 1: 
UNet Model before: [2.746335232, 2.266324992, 1.640742912, 1.317224448, 1.196904448, 1.35565312, 1.701810176, 2.400657408, 3.790430208, 1.312854016]
UNet Model after: [2.745634816, 2.265976832, 1.639886848, 1.317408768, 1.19711744, 1.355091968, 1.700954112, 2.322853888, 3.788988416, 1.313558528]
Main usage 1: [1.449418752, 1.32155392]
Run 2: 
UNet Model before: [2.763083776, 2.286505984, 1.306771456, 1.340071936, 1.220046848, 1.377165312, 1.7114112, 1.63270656, 2.209734656, 1.346224128]
UNet Model after: [1.025507328, 2.286358528, 1.307394048, 1.340928, 1.220354048, 1.37814016, 1.712799744, 1.632100352, 2.210627584, 1.345806336]
Main usage 2: [1.449418752, 1.32155392, 1.316089856]
Run 3: 
UNet Model before: [2.8070912, 2.335043584, 1.712877568, 1.4741504, 1.269334016, 1.423941632, 1.776279552, 2.473472, 3.873079296, 1.397194752]
UNet Model after: [2.80713216, 2.334642176, 1.714241536, 1.473839104, 1.270030336, 1.422983168, 1.776570368, 2.473803776, 3.873468416, 1.396871168]
Main usage 3: [1.449418752, 1.32155392, 1.316089856, 1.348841472]
Run 4: 
UNet Model before: [2.85466624, 2.381819904, 1.757036544, 1.438789632, 1.277792256, 1.476624384, 1.766735872, 2.540711936, 3.949760512, 1.460625408]
UNet Model after: [2.854412288, 2.383085568, 1.758035968, 1.437814784, 1.279082496, 1.475026944, 1.766883328, 2.463547392, 3.23332096, 1.46112512]
Main usage 4: [1.449418752, 1.32155392, 1.316089856, 1.348841472, 1.399599104]
Run 5: 
UNet Model before: [2.756292608, 2.28452352, 1.659551744, 1.35798784, 1.214431232, 1.5475712, 1.722769408, 2.326700032, 3.623604224, 1.353637888]
UNet Model after: [1.022357504, 2.284937216, 1.659912192, 1.356754944, 1.214488576, 1.54556416, 1.721622528, 2.248372224, 3.6237312, 1.353703424]
Main usage 5: [1.449418752, 1.32155392, 1.316089856, 1.348841472, 1.399599104, 1.14784256]
Run 6: 
UNet Model before: [2.801549312, 2.330509312, 1.705418752, 1.379217408, 1.255817216, 1.412681728, 1.762725888, 2.354679808, 3.869052928, 1.381634048]
UNet Model after: [2.80086528, 2.330279936, 1.704521728, 1.38006528, 1.255907328, 1.413681152, 1.762738176, 2.277527552, 1.058697216, 1.381781504]
Main usage 6: [1.449418752, 1.32155392, 1.316089856, 1.348841472, 1.399599104, 1.14784256, 1.068920832]
Run 7: 
UNet Model before: [2.837942272, 2.636955648, 1.741398016, 1.420304384, 1.297096704, 1.45821696, 1.802817536, 2.502672384, 3.7175296, 1.427894272]
UNet Model after: [2.839994368, 2.635882496, 1.741697024, 1.421942784, 1.2978176, 1.458479104, 1.80621312, 2.425348096, 3.717095424, 1.427472384]
Main usage 7: [1.449418752, 1.32155392, 1.316089856, 1.348841472, 1.399599104, 1.14784256, 1.068920832, 1.105809408]
Run 8: 
UNet Model before: [2.883063808, 2.414084096, 1.788035072, 1.485279232, 1.305772032, 1.301897216, 1.853075456, 2.5508864, 3.762712576, 1.473933312]
UNet Model after: [2.883538944, 2.413264896, 1.788383232, 1.485533184, 1.30748416, 1.301327872, 1.853067264, 2.471849984, 3.761844224, 1.472864256]
Main usage 8: [1.449418752, 1.32155392, 1.316089856, 1.348841472, 1.399599104, 1.14784256, 1.068920832, 1.105809408, 1.154433024]
Run 9: 
UNet Model before: [2.7730944, 2.28214784, 1.65654528, 1.350561792, 1.212469248, 1.168330752, 1.718628352, 2.415878144, 3.62039296, 1.34258688]
UNet Model after: [1.017860096, 2.281664512, 1.65687296, 1.352052736, 1.212715008, 1.168584704, 1.71798528, 2.415996928, 3.62047488, 1.34068224]
Main usage 9: [1.449418752, 1.32155392, 1.316089856, 1.348841472, 1.399599104, 1.14784256, 1.068920832, 1.105809408, 1.154433024, 1.177706496]
Run 10: 
UNet Model before: [2.8096512, 2.331262976, 1.699897344, 1.377366016, 1.25825024, 1.213927424, 1.764450304, 2.460643328, 4.907692032, 1.382469632]
UNet Model after: [2.809552896, 2.332028928, 1.699627008, 1.377316864, 1.25845504, 1.214271488, 1.763786752, 2.383192064, 1.058807808, 1.382473728]
Main usage 10: [1.449418752, 1.32155392, 1.316089856, 1.348841472, 1.399599104, 1.14784256, 1.068920832, 1.105809408, 1.154433024, 1.177706496, 1.066110976]
Run 11: 
UNet Model before: [2.839289856, 2.367115264, 1.743282176, 1.423876096, 1.262784512, 1.459269632, 1.807069184, 3.028324352, 3.905929216, 1.419218944]
UNet Model after: [2.838806528, 2.367332352, 1.74252032, 1.424572416, 1.264234496, 1.459208192, 1.8071552, 3.026763776, 1.097486336, 1.420066816]
Main usage 11: [1.449418752, 1.32155392, 1.316089856, 1.348841472, 1.399599104, 1.14784256, 1.068920832, 1.105809408, 1.154433024, 1.177706496, 1.066110976, 1.108533248]
Run 12: 
UNet Model before: [2.877550592, 2.405588992, 1.81362688, 1.45815552, 1.338474496, 1.49686272, 1.846919168, 2.543202304, 3.745091584, 1.466331136]
UNet Model after: [2.87760384, 2.405515264, 1.775230976, 1.458573312, 1.338667008, 1.496866816, 1.847001088, 2.544050176, 3.74501376, 1.464659968]
Main usage 12: [1.449418752, 1.32155392, 1.316089856, 1.348841472, 1.399599104, 1.14784256, 1.068920832, 1.105809408, 1.154433024, 1.177706496, 1.066110976, 1.108533248, 1.144590336]
Run 13: 
UNet Model before: [2.749947904, 2.279276544, 1.298448384, 1.330921472, 1.21135104, 1.368772608, 1.717284864, 2.413821952, 3.825504256, 1.349869568]
UNet Model after: [2.75032064, 2.278764544, 1.297932288, 1.33193728, 1.211809792, 1.368387584, 1.717899264, 2.177282048, 3.04048128, 1.348517888]
Main usage 13: [1.449418752, 1.32155392, 1.316089856, 1.348841472, 1.399599104, 1.14784256, 1.068920832, 1.105809408, 1.154433024, 1.177706496, 1.066110976, 1.108533248, 1.144590336, 1.1693056]
Run 14: 
UNet Model before: [2.796457984, 2.323922944, 1.698656256, 1.616474112, 1.255817216, 1.415118848, 1.761312768, 2.4738816, 3.664756736, 1.385336832]
UNet Model after: [2.796638208, 2.323038208, 1.698729984, 1.618128896, 1.256062976, 1.41510656, 1.761394688, 2.395062272, 3.664781312, 1.38612736]
Main usage 14: [1.449418752, 1.32155392, 1.316089856, 1.348841472, 1.399599104, 1.14784256, 1.068920832, 1.105809408, 1.154433024, 1.177706496, 1.066110976, 1.108533248, 1.144590336, 1.1693056, 1.351233536]
Run 15: 
UNet Model before: [2.844463104, 2.37135872, 1.390989312, 1.423884288, 1.267941376, 1.461469184, 1.806589952, 2.506448896, 3.710435328, 1.431207936]
UNet Model after: [2.84366848, 2.371833856, 1.391190016, 1.42483456, 1.268662272, 1.462788096, 1.807253504, 2.505711616, 3.710410752, 1.430171648]
Main usage 15: [1.449418752, 1.32155392, 1.316089856, 1.348841472, 1.399599104, 1.14784256, 1.068920832, 1.105809408, 1.154433024, 1.177706496, 1.066110976, 1.108533248, 1.144590336, 1.1693056, 1.351233536, 1.387667456]
Dice Score: 0.9717552065849304
