Memory usage: 
Run 0: 
UNet Model before: [2.724888576, 2.252939264, 1.628102656, 1.310162944, 1.170116608, 1.408888832, 1.697640448, 2.310176768, 3.597099008, 1.318621184]
UNet Model after: [2.7249664, 2.251968512, 1.627553792, 1.310957568, 1.171759104, 1.408208896, 1.696366592, 2.233954304, 3.597799424, 1.318776832]
Main usage 0: [1.429000192]
Run 1: 
UNet Model before: [2.750869504, 1.574096896, 1.65726208, 1.336246272, 1.176977408, 1.369993216, 1.7186816, 2.414129152, 3.616935936, 1.333415936]
UNet Model after: [2.751266816, 1.572937728, 1.657094144, 1.337741312, 1.1766784, 1.369161728, 1.718853632, 2.414034944, 3.617026048, 1.33173248]
Main usage 1: [1.429000192, 1.323610112]
Run 2: 
UNet Model before: [2.783543296, 2.312470528, 1.688375296, 1.369550848, 1.246568448, 1.403150336, 1.749966848, 2.448961536, 3.65119488, 1.3730816]
UNet Model after: [2.783076352, 2.31254016, 1.689112576, 1.36859648, 1.247092736, 1.40304384, 1.75194112, 2.448662528, 3.65174784, 1.372450816]
Main usage 2: [1.429000192, 1.323610112, 1.334280192]
Run 3: 
UNet Model before: [2.831351808, 2.359730176, 1.37852928, 1.233702912, 1.253101568, 1.448173568, 1.796452352, 3.019022336, 3.903664128, 1.427513344]
UNet Model after: [2.832539648, 2.359017472, 1.379631104, 1.234530304, 1.251958784, 1.449332736, 1.796788224, 2.585870336, 3.118436352, 1.426468864]
Main usage 3: [1.429000192, 1.323610112, 1.334280192, 1.094238208]
Run 4: 
UNet Model before: [2.87297536, 2.40242688, 1.77242112, 1.456431104, 1.338847232, 1.495474176, 1.84365056, 3.05537024, 2.318487552, 1.465679872]
UNet Model after: [2.873106432, 2.403270656, 1.772232704, 1.456791552, 1.339256832, 1.494740992, 1.843806208, 2.663739392, 2.319736832, 1.465237504]
Main usage 4: [1.429000192, 1.323610112, 1.334280192, 1.094238208, 1.429225472]
Run 5: 
UNet Model before: [2.764275712, 2.301124608, 1.675444224, 1.354317824, 1.196879872, 1.390260224, 1.336426496, 2.437820416, 3.650142208, 1.355894784]
UNet Model after: [2.764161024, 2.301300736, 1.675845632, 1.353228288, 1.197277184, 1.391050752, 1.336635392, 2.359898112, 1.194397696, 1.355321344]
Main usage 5: [1.429000192, 1.323610112, 1.334280192, 1.094238208, 1.429225472, 1.40619776]
Run 6: 
UNet Model before: [2.818043904, 2.347008, 1.36665088, 1.399693312, 1.278599168, 1.436266496, 1.78786304, 2.484260864, 4.943097856, 1.40652544]
UNet Model after: [2.818179072, 2.346835968, 1.366683648, 1.400987648, 1.279787008, 1.436176384, 1.788645376, 2.484178944, 1.08343296, 1.40654592]
Main usage 6: [1.429000192, 1.323610112, 1.334280192, 1.094238208, 1.429225472, 1.40619776, 1.358381056]
Run 7: 
UNet Model before: [2.863509504, 2.392190976, 1.767739392, 1.46460672, 1.32272128, 1.477312512, 1.828892672, 2.526482432, 3.937538048, 1.451630592]
UNet Model after: [2.863837184, 2.392182784, 1.767223296, 1.465802752, 1.32352, 1.47623936, 1.82792192, 2.52637184, 1.128112128, 1.451651072]
Main usage 7: [1.429000192, 1.323610112, 1.334280192, 1.094238208, 1.429225472, 1.40619776, 1.358381056, 1.13174528]
Run 8: 
UNet Model before: [2.908213248, 2.437431296, 1.810530304, 1.489108992, 1.373671424, 1.530605568, 1.877180416, 2.491039744, 3.775594496, 1.507434496]
UNet Model after: [2.908377088, 2.43677184, 1.812570112, 1.488912384, 1.372319744, 1.530441728, 1.876291584, 2.414104576, 3.775676416, 1.506177024]
Main usage 8: [1.429000192, 1.323610112, 1.334280192, 1.094238208, 1.429225472, 1.40619776, 1.358381056, 1.13174528, 1.177227264]
Run 9: 
UNet Model before: [2.776612864, 2.303950848, 1.680617472, 1.360924672, 1.241042944, 1.39614208, 1.745297408, 1.726173184, 4.903481344, 1.368072192]
UNet Model after: [2.776756224, 2.304131072, 1.679532032, 1.361829888, 1.240793088, 1.397817344, 1.745014784, 1.725423616, 1.044332544, 1.367744512]
Main usage 9: [1.429000192, 1.323610112, 1.334280192, 1.094238208, 1.429225472, 1.40619776, 1.358381056, 1.13174528, 1.177227264, 1.200283648]
Run 10: 
UNet Model before: [2.825220096, 2.353074176, 1.374978048, 1.405865984, 1.28804864, 1.44576512, 1.794760704, 2.49001984, 3.90516736, 1.418289152]
UNet Model after: [2.823868416, 2.35354112, 1.375309824, 1.406779392, 1.289191424, 1.446039552, 1.794605056, 2.48979456, 3.276832768, 1.417576448]
Main usage 10: [1.429000192, 1.323610112, 1.334280192, 1.094238208, 1.429225472, 1.40619776, 1.358381056, 1.13174528, 1.177227264, 1.200283648, 1.37119744]
Run 11: 
UNet Model before: [2.864656384, 2.393165824, 1.768849408, 1.446711296, 1.326374912, 1.483706368, 1.84387584, 3.058679808, 3.73219328, 1.463492608]
UNet Model after: [2.864324608, 2.392797184, 1.768996864, 1.446600704, 1.325871104, 1.484312576, 1.84459264, 2.660835328, 3.732365312, 1.463443456]
Main usage 11: [1.429000192, 1.323610112, 1.334280192, 1.094238208, 1.429225472, 1.40619776, 1.358381056, 1.13174528, 1.177227264, 1.200283648, 1.37119744, 1.420992512]
Run 12: 
UNet Model before: [2.909966336, 2.43884032, 1.814933504, 1.49456896, 1.335259136, 1.526759424, 1.877925888, 2.471469056, 3.973124096, 1.50669312]
UNet Model after: [2.909147136, 2.43972096, 1.813786624, 1.494700032, 1.335345152, 1.527078912, 1.877807104, 2.394247168, 3.503067136, 1.505021952]
Main usage 12: [1.429000192, 1.323610112, 1.334280192, 1.094238208, 1.429225472, 1.40619776, 1.358381056, 1.13174528, 1.177227264, 1.200283648, 1.37119744, 1.420992512, 1.179533312]
Run 13: 
UNet Model before: [2.801188864, 2.318630912, 1.684168704, 1.365254144, 1.24493824, 1.40032, 1.750519808, 2.44662272, 3.865239552, 1.371230208]
UNet Model after: [2.800320512, 2.318614528, 1.68503296, 1.365438464, 1.245216768, 1.401556992, 1.751031808, 2.448605184, 1.047359488, 1.370525696]
Main usage 13: [1.429000192, 1.323610112, 1.334280192, 1.094238208, 1.429225472, 1.40619776, 1.358381056, 1.13174528, 1.177227264, 1.200283648, 1.37119744, 1.420992512, 1.179533312, 1.203683328]
Run 14: 
UNet Model before: [2.827370496, 2.35415552, 1.730256896, 1.408233472, 1.289035776, 1.44730112, 1.795989504, 2.490175488, 3.694051328, 1.41477888]
UNet Model after: [2.827358208, 2.35415552, 1.729949696, 1.409769472, 1.289371648, 1.447022592, 1.794281472, 2.413707264, 3.69481728, 1.415200768]
Main usage 14: [1.429000192, 1.323610112, 1.334280192, 1.094238208, 1.429225472, 1.40619776, 1.358381056, 1.13174528, 1.177227264, 1.200283648, 1.37119744, 1.420992512, 1.179533312, 1.203683328, 1.373638656]
Run 15: 
UNet Model before: [2.882953216, 2.405605376, 1.765154816, 1.449906176, 1.423495168, 1.486249984, 1.836445696, 2.440196096, 3.956707328, 1.458499584]
UNet Model after: [2.88303104, 2.404728832, 1.765965824, 1.45012736, 1.425104896, 1.486299136, 1.835937792, 2.440933376, 1.135992832, 1.458593792]
Main usage 15: [1.429000192, 1.323610112, 1.334280192, 1.094238208, 1.429225472, 1.40619776, 1.358381056, 1.13174528, 1.177227264, 1.200283648, 1.37119744, 1.420992512, 1.179533312, 1.203683328, 1.373638656, 1.139965952]
Dice Score: 0.9717552065849304
