Memory usage: 
Run 0: 
UNet Model: [1.2409856, 1.46704384, 1.260814336, 1.011503104, 1.04976384, 1.645809664, 1.162579968, 1.089155072, 1.39145216, 2.030379008, 2.030252032]
Run 1: 
UNet Model: [0.9101312, 1.30111488, 1.120673792, 1.116332032, 1.110081536, 0.939257856, 1.04495104, 1.197846528, 1.382772736, 1.803976704, 1.804230656]
Run 2: 
UNet Model: [1.804230656, 1.622216704, 1.622310912, 1.62107392, 1.619111936, 0.984170496, 0.99088384, 1.166839808, 1.358659584, 1.4931968, 1.494847488]
Run 3: 
UNet Model: [1.494847488, 1.494847488, 1.126805504, 1.123528704, 1.117278208, 0.94629888, 1.049460736, 1.138741248, 1.36271872, 1.810763776, 1.811832832]
Main usage 0: [1.239007232]
Run 4: 
UNet Model: [0.923021312, 1.371373568, 0.974290944, 1.114341376, 1.113710592, 1.014038528, 1.118912512, 1.205448704, 1.429712896, 1.877417984, 1.878429696]
Run 5: 
UNet Model: [1.878429696, 1.700491264, 1.700421632, 1.697124352, 1.690714112, 1.015017472, 1.119645696, 1.207390208, 1.431433216, 1.87981824, 1.880674304]
Run 6: 
UNet Model: [1.880674304, 1.726828544, 1.245474816, 1.166700544, 0.980054016, 1.068429312, 1.11896576, 1.21419776, 1.428475904, 2.081091584, 2.081091584]
Run 7: 
UNet Model: [2.081091584, 2.101448704, 0.99072, 1.122050048, 1.122304, 1.04167424, 1.124892672, 1.125310464, 1.295540224, 1.558806528, 1.559822336]
Main usage 1: [1.239007232, 0.904228864]
Run 8: 
UNet Model: [1.520574464, 1.37756672, 1.378455552, 1.026985984, 1.097076736, 1.09303808, 1.173102592, 1.244594176, 1.580572672, 1.916162048, 1.916583936]
Run 9: 
UNet Model: [1.916583936, 0.98347008, 1.27674368, 1.21038848, 1.024434176, 1.112911872, 1.163194368, 1.270882304, 1.604100096, 2.31063552, 2.311651328]
Run 10: 
UNet Model: [1.025671168, 1.417453568, 1.407176704, 1.018339328, 1.091887104, 1.051901952, 1.160810496, 1.311223808, 1.495629824, 1.59987712, 1.600892928]
Run 11: 
UNet Model: [1.600892928, 1.575112704, 1.291165696, 1.021280256, 1.094606848, 1.097654272, 1.175998464, 1.170956288, 1.495973888, 1.604538368, 1.605808128]
Main usage 2: [1.239007232, 0.904228864, 1.519050752]
Run 12: 
UNet Model: [1.610969088, 1.468112896, 1.464082432, 1.463349248, 1.023315968, 1.036419072, 1.043795968, 1.218850816, 1.411674112, 1.850015744, 1.851744256]
Run 13: 
UNet Model: [1.851744256, 1.71474944, 0.97656832, 1.107554304, 1.108488192, 0.968065024, 1.098452992, 1.253613568, 1.252081664, 1.908158464, 1.90916608]
Run 14: 
UNet Model: [1.90916608, 1.733869568, 1.17835776, 1.17436416, 0.972808192, 1.061298176, 1.075224576, 1.23949056, 1.281835008, 1.54617856, 1.547702272]
Run 15: 
UNet Model: [1.547702272, 1.502150656, 0.956248064, 1.097412608, 1.087737856, 0.997076992, 0.988213248, 1.198833664, 1.412337664, 1.54601472, 1.547030528]
Main usage 3: [1.239007232, 0.904228864, 1.519050752, 1.608265728]
Run 16: 
UNet Model: [1.510678528, 0.972292096, 1.26531584, 1.266204672, 1.266331648, 1.082597376, 1.119838208, 1.235001344, 1.59604736, 1.939611648, 1.940246528]
Run 17: 
UNet Model: [1.940246528, 1.860292608, 1.27768576, 1.274990592, 1.06950656, 1.039568896, 1.146683392, 1.257730048, 1.459617792, 1.907990528, 1.90824448]
Run 18: 
UNet Model: [1.90824448, 1.719513088, 1.198542848, 1.199230976, 1.199304704, 1.099595776, 1.120800768, 1.286049792, 1.45833984, 1.90763008, 1.908137984]
Run 19: 
UNet Model: [1.908137984, 1.908883456, 1.729867776, 1.72529664, 1.719181312, 1.04388608, 1.148993536, 1.236164608, 1.460502528, 1.63762176, 1.638383616]
Main usage 4: [1.239007232, 0.904228864, 1.519050752, 1.608265728, 1.550790656]
Run 20: 
UNet Model: [0.992169984, 1.438244864, 1.423880192, 1.419841536, 1.41256704, 1.085448192, 1.182298112, 1.282076672, 1.500803072, 1.635291136, 1.636179968]
Run 21: 
UNet Model: [1.636179968, 1.639264256, 1.628659712, 1.191800832, 1.065684992, 1.154310144, 1.166626816, 1.33113856, 1.504231424, 1.953329152, 1.953939456]
Run 22: 
UNet Model: [1.953939456, 1.775316992, 1.774956544, 1.053917184, 1.127698432, 1.085472768, 1.191788544, 1.279614976, 1.50388736, 1.951903744, 1.952919552]
Run 23: 
UNet Model: [1.952919552, 1.768833024, 1.76441344, 1.764483072, 1.762287616, 1.129947136, 1.167015936, 1.281929216, 1.505374208, 1.95487744, 1.955893248]
Main usage 5: [1.239007232, 0.904228864, 1.519050752, 1.608265728, 1.550790656, 1.482932224]
Run 24: 
UNet Model: [1.961271296, 1.356914688, 1.356783616, 1.352790016, 1.013059584, 0.979980288, 1.06162176, 1.22605568, 1.39872256, 1.848205312, 1.84932352]
Run 25: 
UNet Model: [1.849577472, 1.356161024, 1.355870208, 1.3558784, 1.353961472, 1.025048576, 1.061965824, 1.177362432, 1.40111872, 1.850077184, 1.850077184]
Run 26: 
UNet Model: [1.850077184, 1.357402112, 1.35702528, 1.356824576, 1.010507776, 1.02631424, 1.104564224, 1.193734144, 1.535234048, 1.845690368, 1.846001664]
Run 27: 
UNet Model: [1.846001664, 0.95483904, 1.218674688, 1.228648448, 1.228664832, 0.957292544, 0.978587648, 1.188327424, 1.510531072, 1.848311808, 1.84856576]
Main usage 6: [1.239007232, 0.904228864, 1.519050752, 1.608265728, 1.550790656, 1.482932224, 1.957384192]
Run 28: 
UNet Model: [0.95791104, 1.370566656, 0.99575808, 1.126694912, 0.987529216, 1.048039424, 1.09215744, 1.0416128, 1.45108992, 2.10169856, 2.102718464]
Run 29: 
UNet Model: [2.102718464, 2.103099392, 0.974348288, 1.115226112, 1.08847104, 1.015119872, 1.062498304, 1.229852672, 1.431785472, 2.085515264, 2.085515264]
Run 30: 
UNet Model: [2.085515264, 2.086129664, 0.974401536, 1.11572992, 1.106030592, 0.990343168, 1.118461952, 1.21757696, 1.543540736, 2.191118336, 2.191118336]
Run 31: 
UNet Model: [2.191118336, 2.191888384, 0.974938112, 1.116004352, 1.106608128, 1.016029184, 1.01337088, 1.223081984, 1.543262208, 2.191138816, 2.191392768]
Main usage 7: [1.239007232, 0.904228864, 1.519050752, 1.608265728, 1.550790656, 1.482932224, 1.957384192, 0.955817984]
Run 32: 
UNet Model: [0.972222464, 1.417216, 1.021042688, 1.162399744, 1.135271936, 1.060405248, 1.100611584, 1.25075456, 1.572110336, 2.183778304, 2.183880704]
Run 33: 
UNet Model: [2.183880704, 2.18474496, 1.236058112, 1.232441344, 1.226227712, 1.226407936, 1.10413824, 1.247719424, 1.590554624, 2.236928, 2.236928]
Run 34: 
UNet Model: [2.236928, 0.983846912, 1.27698944, 1.21096192, 1.025007616, 1.113403392, 1.155198976, 1.319358464, 1.139040256, 1.914912768, 1.914912768]
Run 35: 
UNet Model: [1.914912768, 0.981209088, 1.27412224, 1.275650048, 1.022406656, 1.111298048, 1.131413504, 1.295712256, 1.643491328, 2.00841216, 2.00841216]
Main usage 8: [1.239007232, 0.904228864, 1.519050752, 1.608265728, 1.550790656, 1.482932224, 1.957384192, 0.955817984, 0.953716736]
Run 36: 
UNet Model: [2.012647424, 1.475145728, 1.08285952, 1.214316544, 1.077735424, 1.166184448, 1.202876416, 1.312219136, 1.652088832, 2.316275712, 2.316275712]
Run 37: 
UNet Model: [2.316275712, 2.3169024, 1.283424256, 1.279000576, 1.272786944, 1.272610816, 1.150713856, 1.294422016, 1.637138432, 1.966247936, 1.966501888]
Run 38: 
UNet Model: [1.966501888, 1.86294272, 1.337176064, 1.33394432, 1.327603712, 1.327603712, 1.323270144, 1.331490816, 1.668603904, 1.96704256, 1.96704256]
Run 39: 
UNet Model: [1.96704256, 1.821483008, 1.08224512, 1.21362432, 1.0720256, 1.102290944, 1.209102336, 1.294749696, 1.631113216, 2.277371904, 2.277535744]
Main usage 9: [1.239007232, 0.904228864, 1.519050752, 1.608265728, 1.550790656, 1.482932224, 1.957384192, 0.955817984, 0.953716736, 2.011377664]
Run 40: 
UNet Model: [1.760792576, 1.306963968, 1.307979776, 1.30674688, 1.014632448, 1.028108288, 1.10782464, 1.109602304, 1.433800704, 2.077077504, 2.077077504]
Run 41: 
UNet Model: [2.077077504, 2.036822016, 0.9465856, 1.087729664, 1.08734464, 0.958574592, 1.088319488, 1.191632896, 1.400098816, 1.849622528, 1.84987648]
Run 42: 
UNet Model: [1.84987648, 1.831235584, 1.169297408, 1.169932288, 1.013735424, 1.028304896, 1.064398848, 1.179533312, 1.40322816, 1.535827968, 1.537097728]
Run 43: 
UNet Model: [1.537097728, 1.539858432, 0.968159232, 1.099505664, 1.098899456, 0.958717952, 1.090584576, 1.255645184, 1.440649216, 1.53575424, 1.537024]
Main usage 10: [1.239007232, 0.904228864, 1.519050752, 1.608265728, 1.550790656, 1.482932224, 1.957384192, 0.955817984, 0.953716736, 2.011377664, 1.759199232]
Run 44: 
UNet Model: [0.929476608, 1.377701888, 1.204760576, 0.999284736, 1.068044288, 0.994177024, 1.11499264, 1.219694592, 1.558441984, 1.569779712, 1.571049472]
Run 45: 
UNet Model: [1.571049472, 1.571049472, 0.985309184, 1.1265024, 1.126199296, 1.066663936, 1.1414528, 1.218781184, 1.554591744, 1.890476032, 1.890729984]
Run 46: 
UNet Model: [1.890729984, 1.849810944, 1.180393472, 1.18175744, 0.994562048, 1.082843136, 1.1292672, 1.228808192, 1.441861632, 2.144804864, 2.145820672]
Run 47: 
UNet Model: [0.9961472, 1.387614208, 1.37910272, 1.128493056, 1.128165376, 1.001508864, 1.129447424, 1.233502208, 1.441599488, 1.575755776, 1.577025536]
Main usage 11: [1.239007232, 0.904228864, 1.519050752, 1.608265728, 1.550790656, 1.482932224, 1.957384192, 0.955817984, 0.953716736, 2.011377664, 1.759199232, 1.499344896]
Run 48: 
UNet Model: [0.974761984, 1.423208448, 1.027694592, 1.169129472, 1.040596992, 1.130745856, 1.170333696, 1.258962944, 1.595256832, 1.931071488, 1.931579392]
Run 49: 
UNet Model: [1.931579392, 1.8905088, 1.30596864, 1.227575296, 1.040904192, 1.110265856, 1.1507712, 1.270636544, 1.610842112, 1.986199552, 1.986199552]
Run 50: 
UNet Model: [1.986199552, 1.986707456, 1.226153984, 1.222750208, 1.216442368, 1.216897024, 1.16414464, 1.187037184, 1.522880512, 2.232111104, 2.233634816]
Run 51: 
UNet Model: [1.042132992, 1.433018368, 1.422667776, 1.17170176, 1.170944, 1.069744128, 1.17536768, 1.279008768, 1.619177472, 2.325741568, 2.326757376]
Main usage 12: [1.239007232, 0.904228864, 1.519050752, 1.608265728, 1.550790656, 1.482932224, 1.957384192, 0.955817984, 0.953716736, 2.011377664, 1.759199232, 1.499344896, 1.5799296]
Run 52: 
UNet Model: [1.043922944, 1.470734336, 1.467592704, 1.219497984, 1.217830912, 1.088438272, 1.212227584, 1.307705344, 1.6437248, 1.664036864, 1.665306624]
Run 53: 
UNet Model: [1.665306624, 1.665306624, 1.098006528, 1.230000128, 1.088045056, 1.176653824, 1.222414336, 1.311055872, 1.647333376, 1.983197184, 1.98395904]
Run 54: 
UNet Model: [1.98395904, 1.837989888, 1.353744384, 1.274916864, 1.274916864, 1.119428608, 1.224802304, 1.312059392, 1.648525312, 1.984106496, 1.9846144]
Run 55: 
UNet Model: [1.9846144, 1.81682176, 1.273929728, 1.27459328, 1.144373248, 1.114640384, 1.219923968, 1.331204096, 1.668333568, 1.980801024, 1.980801024]
Main usage 13: [1.239007232, 0.904228864, 1.519050752, 1.608265728, 1.550790656, 1.482932224, 1.957384192, 0.955817984, 0.953716736, 2.011377664, 1.759199232, 1.499344896, 1.5799296, 1.042272256]
Run 56: 
UNet Model: [1.985794048, 1.37291776, 1.37259008, 1.36802304, 1.02518784, 1.040646144, 1.094864896, 1.203556352, 1.515630592, 1.859321856, 1.859321856]
Run 57: 
UNet Model: [0.968196096, 1.359314944, 0.97613824, 1.107488768, 1.09735936, 0.994336768, 1.093046272, 1.25566976, 1.587847168, 1.548255232, 1.548742656]
Run 58: 
UNet Model: [1.548742656, 1.548664832, 1.332359168, 1.328132096, 1.322827776, 1.000087552, 1.1053056, 1.19230464, 1.528758272, 1.54935296, 1.55062272]
Run 59: 
UNet Model: [1.55062272, 1.55062272, 1.40265472, 1.402404864, 0.969752576, 1.058557952, 1.103904768, 1.201016832, 1.5389696, 1.549787136, 1.551056896]
Main usage 14: [1.239007232, 0.904228864, 1.519050752, 1.608265728, 1.550790656, 1.482932224, 1.957384192, 0.955817984, 0.953716736, 2.011377664, 1.759199232, 1.499344896, 1.5799296, 1.042272256, 1.984016384]
Run 60: 
UNet Model: [1.450483712, 1.418952704, 1.413296128, 1.408417792, 1.072766976, 1.04126464, 1.1471872, 1.236287488, 1.304059904, 1.908596736, 1.908830208]
Run 61: 
UNet Model: [1.908830208, 1.908957184, 1.226866688, 1.228009472, 1.227190272, 1.046061056, 1.15142656, 1.238654976, 1.581539328, 1.91076352, 1.9111936]
Run 62: 
UNet Model: [1.0170368, 1.40818432, 1.402077184, 1.145438208, 1.144930304, 1.044144128, 1.149718528, 1.253302272, 1.45973248, 1.593438208, 1.594707968]
Run 63: 
UNet Model: [1.594707968, 1.594707968, 1.2242944, 1.220718592, 1.214377984, 1.043443712, 1.040932864, 1.2505088, 1.58337024, 1.907982336, 1.908236288]
Main usage 15: [1.239007232, 0.904228864, 1.519050752, 1.608265728, 1.550790656, 1.482932224, 1.957384192, 0.955817984, 0.953716736, 2.011377664, 1.759199232, 1.499344896, 1.5799296, 1.042272256, 1.984016384, 1.553412096]
Dice Score: 0.756687581539154
