Memory usage: 
Main usage 0: [4.308455424]
Main usage 1: [4.308455424, 4.130402304]
Main usage 2: [4.308455424, 4.130402304, 4.1070592]
Main usage 3: [4.308455424, 4.130402304, 4.1070592, 4.716986368]
Main usage 4: [4.308455424, 4.130402304, 4.1070592, 4.716986368, 4.344139776]
Main usage 5: [4.308455424, 4.130402304, 4.1070592, 4.716986368, 4.344139776, 4.34202624]
Main usage 6: [4.308455424, 4.130402304, 4.1070592, 4.716986368, 4.344139776, 4.34202624, 4.319555584]
Main usage 7: [4.308455424, 4.130402304, 4.1070592, 4.716986368, 4.344139776, 4.34202624, 4.319555584, 4.129042432]
Main usage 8: [4.308455424, 4.130402304, 4.1070592, 4.716986368, 4.344139776, 4.34202624, 4.319555584, 4.129042432, 4.442247168]
Main usage 9: [4.308455424, 4.130402304, 4.1070592, 4.716986368, 4.344139776, 4.34202624, 4.319555584, 4.129042432, 4.442247168, 4.270415872]
Main usage 10: [4.308455424, 4.130402304, 4.1070592, 4.716986368, 4.344139776, 4.34202624, 4.319555584, 4.129042432, 4.442247168, 4.270415872, 4.168912896]
Main usage 11: [4.308455424, 4.130402304, 4.1070592, 4.716986368, 4.344139776, 4.34202624, 4.319555584, 4.129042432, 4.442247168, 4.270415872, 4.168912896, 4.303138816]
Main usage 12: [4.308455424, 4.130402304, 4.1070592, 4.716986368, 4.344139776, 4.34202624, 4.319555584, 4.129042432, 4.442247168, 4.270415872, 4.168912896, 4.303138816, 4.430127104]
Main usage 13: [4.308455424, 4.130402304, 4.1070592, 4.716986368, 4.344139776, 4.34202624, 4.319555584, 4.129042432, 4.442247168, 4.270415872, 4.168912896, 4.303138816, 4.430127104, 4.359163904]
Main usage 14: [4.308455424, 4.130402304, 4.1070592, 4.716986368, 4.344139776, 4.34202624, 4.319555584, 4.129042432, 4.442247168, 4.270415872, 4.168912896, 4.303138816, 4.430127104, 4.359163904, 4.124741632]
Main usage 15: [4.308455424, 4.130402304, 4.1070592, 4.716986368, 4.344139776, 4.34202624, 4.319555584, 4.129042432, 4.442247168, 4.270415872, 4.168912896, 4.303138816, 4.430127104, 4.359163904, 4.124741632, 4.249858048]
Dice Score: 0.9717657566070557
