Memory usage: 
Run 0: 
UNet Model: [1.291915264, 1.468981248, 0.944615424, 1.097691136, 1.11644672, 1.694498816, 1.13143808, 1.171963904, 1.491464192, 1.575907328, 1.576648704]
Run 1: 
UNet Model: [1.576648704, 1.576706048, 1.426894848, 1.08304384, 1.082540032, 0.952102912, 1.083961344, 1.173086208, 1.509941248, 1.847676928, 1.847783424]
Run 2: 
UNet Model: [0.911958016, 1.340944384, 1.16463616, 1.161068544, 1.155465216, 1.155620864, 1.078341632, 1.201291264, 1.514094592, 1.533620224, 1.53575424]
Run 3: 
UNet Model: [1.53575424, 1.3827072, 1.139707904, 1.13655808, 0.954699776, 1.042317312, 1.093636096, 1.187160064, 1.512091648, 1.849004032, 1.850421248]
Main usage 0: [1.290371072]
Run 4: 
UNet Model: [1.750458368, 1.430380544, 1.43017984, 1.426051072, 1.423020032, 1.096568832, 1.104441344, 1.248702464, 1.472233472, 1.920761856, 1.920761856]
Run 5: 
UNet Model: [1.920761856, 1.920151552, 1.23742208, 1.237704704, 1.083232256, 1.10415872, 1.047846912, 1.261314048, 1.471459328, 1.605799936, 1.607069696]
Run 6: 
UNet Model: [1.607069696, 1.646178304, 1.2350464, 1.23492352, 1.23492352, 1.109663744, 1.13207296, 1.257582592, 1.470377984, 1.918574592, 1.918574592]
Run 7: 
UNet Model: [1.918574592, 1.761267712, 1.761312768, 1.761472512, 1.76150528, 1.110675456, 1.132433408, 1.247834112, 1.470992384, 1.918476288, 1.918476288]
Main usage 1: [1.290371072, 1.747562496]
Run 8: 
UNet Model: [1.008852992, 1.456791552, 1.440735232, 1.201618944, 1.200914432, 1.098756096, 1.20205312, 1.28966656, 1.513848832, 1.96417536, 1.964417024]
Run 9: 
UNet Model: [1.964384256, 1.777201152, 1.776746496, 1.77649664, 1.774260224, 1.141538816, 1.178361856, 1.293910016, 1.516965888, 1.965264896, 1.965264896]
Run 10: 
UNet Model: [1.965232128, 1.818484736, 1.28206848, 1.282056192, 1.282154496, 1.10116864, 1.204068352, 1.293422592, 1.51769088, 1.966206976, 1.966206976]
Run 11: 
UNet Model: [1.966206976, 1.781768192, 1.777528832, 1.777504256, 1.77553408, 1.145356288, 1.182273536, 1.297768448, 1.521180672, 1.969225728, 1.96972544]
Main usage 2: [1.290371072, 1.747562496, 0.989995008]
Run 12: 
UNet Model: [1.014345728, 1.42635008, 1.221492736, 1.222127616, 1.220493312, 1.095696384, 1.117155328, 1.168130048, 1.456164864, 1.902792704, 1.902792704]
Run 13: 
UNet Model: [1.902759936, 0.969908224, 1.263149056, 1.118175232, 1.111810048, 1.042046976, 1.141981184, 1.245601792, 1.452347392, 1.900580864, 1.901080576]
Run 14: 
UNet Model: [1.901080576, 1.716686848, 1.7164288, 1.716334592, 1.714307072, 1.036480512, 1.139736576, 1.228808192, 1.453047808, 1.901473792, 1.901797376]
Run 15: 
UNet Model: [1.901764608, 1.88065792, 1.217839104, 1.213755392, 1.207517184, 1.008754688, 1.138397184, 1.30347008, 1.293430784, 1.583665152, 1.585094656]
Main usage 3: [1.290371072, 1.747562496, 0.989995008, 1.012875264]
Run 16: 
UNet Model: [0.982736896, 1.431240704, 1.035874304, 1.176477696, 1.176211456, 1.074929664, 1.18009856, 1.284050944, 1.490628608, 1.934716928, 1.934716928]
Run 17: 
UNet Model: [1.934716928, 1.894404096, 1.315393536, 1.045561344, 1.117691904, 1.07552768, 1.180913664, 1.340690432, 1.512566784, 1.973919744, 1.9746816]
Run 18: 
UNet Model: [1.9746816, 1.848029184, 1.233235968, 1.229807616, 1.223593984, 1.223544832, 1.12678912, 1.299603456, 1.336680448, 1.9423232, 1.9423232]
Run 19: 
UNet Model: [1.9423232, 1.803198464, 1.233289216, 1.229828096, 1.223614464, 1.223471104, 1.171214336, 1.19410688, 1.519435776, 1.627348992, 1.628872704]
Main usage 4: [1.290371072, 1.747562496, 0.989995008, 1.012875264, 1.58824448]
Run 20: 
UNet Model: [1.5920128, 1.448452096, 1.304580096, 1.303912448, 1.303707648, 1.122185216, 1.225138176, 1.314639872, 1.538916352, 1.987043328, 1.987416064]
Run 21: 
UNet Model: [1.987416064, 1.799704576, 1.798352896, 1.798230016, 1.795940352, 1.163739136, 1.1993088, 1.373679616, 1.716617216, 2.07085568, 2.07085568]
Run 22: 
UNet Model: [2.07085568, 1.864896512, 1.863888896, 1.223942144, 1.223176192, 1.122185216, 1.113157632, 1.311801344, 1.537347584, 2.192605184, 2.192605184]
Run 23: 
UNet Model: [2.192605184, 1.494532096, 1.104797696, 1.236115456, 1.236344832, 1.12406528, 1.228988416, 1.318187008, 1.542631424, 1.990955008, 1.991430144]
Main usage 5: [1.290371072, 1.747562496, 0.989995008, 1.012875264, 1.58824448, 1.58963712]
Run 24: 
UNet Model: [1.99591936, 1.394511872, 1.394511872, 1.394413568, 1.391693824, 1.062731776, 1.09942784, 1.214763008, 1.438240768, 1.886265344, 1.886646272]
Run 25: 
UNet Model: [1.886646272, 0.991387648, 1.25517824, 1.097826304, 1.097826304, 1.021435904, 1.125187584, 1.148870656, 1.436655616, 1.884852224, 1.885069312]
Run 26: 
UNet Model: [1.885069312, 1.707433984, 1.001254912, 1.13276928, 1.132187648, 1.019387904, 1.124540416, 1.213771776, 1.438142464, 1.88606464, 1.88606464]
Run 27: 
UNet Model: [1.88606464, 1.393041408, 1.39321344, 1.09756416, 1.09529088, 1.077448704, 1.121062912, 1.214414848, 1.550426112, 1.885831168, 1.886097408]
Main usage 6: [1.290371072, 1.747562496, 0.989995008, 1.012875264, 1.58824448, 1.58963712, 1.994006528]
Run 28: 
UNet Model: [1.70205184, 1.428627456, 1.03661568, 1.167704064, 1.166946304, 1.053749248, 1.160818688, 1.247956992, 1.472024576, 2.127147008, 2.127511552]
Run 29: 
UNet Model: [2.127511552, 2.127949824, 1.016295424, 1.157472256, 1.147240448, 1.056587776, 1.161703424, 1.314881536, 1.493168128, 1.919635456, 1.920905216]
Run 30: 
UNet Model: [1.920905216, 1.7942528, 1.29015808, 1.291481088, 1.092583424, 1.052606464, 1.157931008, 1.268506624, 1.603678208, 2.268708864, 2.26883584]
Run 31: 
UNet Model: [2.26883584, 2.271735808, 1.291956224, 1.1333632, 1.133236224, 1.087778816, 1.170915328, 1.260642304, 1.584123904, 1.919778816, 1.920032768]
Main usage 7: [1.290371072, 1.747562496, 0.989995008, 1.012875264, 1.58824448, 1.58963712, 1.994006528, 1.70053632]
Run 32: 
UNet Model: [1.778040832, 1.475518464, 1.475678208, 1.475252224, 1.129160704, 1.14241536, 1.220980736, 1.310601216, 1.652178944, 2.00607744, 2.00607744]
Run 33: 
UNet Model: [2.00607744, 1.476849664, 1.095544832, 1.24250112, 1.242628096, 1.129639936, 1.234702336, 1.32376576, 1.548034048, 1.995751424, 1.996464128]
Run 34: 
UNet Model: [1.996894208, 1.101037568, 1.364901888, 1.20690688, 1.20721408, 1.1311104, 1.235079168, 1.329393664, 1.546518528, 1.99471104, 1.99487488]
Run 35: 
UNet Model: [1.954361344, 1.503223808, 1.50347776, 1.503301632, 1.501032448, 1.172291584, 1.2092416, 1.32450304, 1.547886592, 1.996218368, 1.996382208]
Main usage 8: [1.290371072, 1.747562496, 0.989995008, 1.012875264, 1.58824448, 1.58963712, 1.994006528, 1.70053632, 1.775869952]
Run 36: 
UNet Model: [1.079635968, 1.5281152, 1.355255808, 1.355227136, 1.198993408, 1.167609856, 1.273106432, 1.36245248, 1.581883392, 2.030006272, 2.031140864]
Run 37: 
UNet Model: [2.031140864, 1.849573376, 1.152311296, 1.283571712, 1.283825664, 1.172385792, 1.27526912, 1.364709376, 1.58857216, 2.036985856, 2.037428224]
Run 38: 
UNet Model: [2.037428224, 1.141993472, 1.405784064, 1.416073216, 1.198563328, 1.168683008, 1.274445824, 1.363656704, 1.588932608, 2.037121024, 2.037628928]
Run 39: 
UNet Model: [2.037628928, 1.84844288, 1.848479744, 1.84860672, 1.198309376, 1.167151104, 1.272553472, 1.362051072, 1.587576832, 2.035798016, 2.036068352]
Main usage 9: [1.290371072, 1.747562496, 0.989995008, 1.012875264, 1.58824448, 1.58963712, 1.994006528, 1.70053632, 1.775869952, 1.998413824]
Run 40: 
UNet Model: [1.105645568, 1.446985728, 1.236221952, 1.236758528, 1.235849216, 1.111126016, 1.133395968, 1.29777664, 1.46991104, 1.919414272, 1.919664128]
Run 41: 
UNet Model: [1.919664128, 1.92038912, 1.237118976, 1.23703296, 1.23697152, 1.057185792, 1.160310784, 1.249366016, 1.47339264, 1.921708032, 1.921708032]
Run 42: 
UNet Model: [1.921708032, 1.732399104, 1.733054464, 1.733619712, 1.731383296, 1.094725632, 1.13178624, 1.246674944, 1.469390848, 1.91719424, 1.916940288]
Run 43: 
UNet Model: [1.916940288, 1.895919616, 1.01138432, 1.152843776, 1.152208896, 1.052413952, 1.15791872, 1.24502016, 1.469313024, 1.91707136, 1.917579264]
Main usage 10: [1.290371072, 1.747562496, 0.989995008, 1.012875264, 1.58824448, 1.58963712, 1.994006528, 1.70053632, 1.775869952, 1.998413824, 1.103962112]
Run 44: 
UNet Model: [1.026916352, 1.449701376, 1.44879616, 1.161322496, 1.130487808, 1.14225152, 1.223507968, 1.205469184, 1.530888192, 1.954213888, 1.954902016]
Run 45: 
UNet Model: [1.954902016, 1.788919808, 1.244483584, 1.241714688, 1.23600896, 1.090506752, 1.194422272, 1.305972736, 1.679081472, 1.968566272, 1.969041408]
Run 46: 
UNet Model: [1.969041408, 1.870098432, 1.313103872, 1.313415168, 1.31366912, 1.132036096, 1.169207296, 1.2956672, 1.67151616, 1.96958208, 1.969901568]
Run 47: 
UNet Model: [1.969901568, 1.019793408, 1.312649216, 1.2450816, 1.060388864, 1.140350976, 1.159667712, 1.274929152, 1.636040704, 2.290855936, 2.291265536]
Main usage 11: [1.290371072, 1.747562496, 0.989995008, 1.012875264, 1.58824448, 1.58963712, 1.994006528, 1.70053632, 1.775869952, 1.998413824, 1.103962112, 1.025236992]
Run 48: 
UNet Model: [1.033613312, 1.479028736, 1.308348416, 1.304141824, 1.298808832, 1.127002112, 1.229238272, 1.318486016, 1.542488064, 1.990529024, 1.990979584]
Run 49: 
UNet Model: [1.950060544, 1.49991424, 1.500090368, 1.500295168, 1.157410816, 1.125883904, 1.231556608, 1.319493632, 1.545555968, 1.993371648, 1.994584064]
Run 50: 
UNet Model: [1.994584064, 1.828651008, 1.284620288, 1.285787648, 1.285779456, 1.130385408, 1.233465344, 1.322725376, 1.546625024, 1.994018816, 1.995071488]
Run 51: 
UNet Model: [1.953325056, 1.911476224, 1.312219136, 1.311744, 1.312903168, 1.187418112, 1.209638912, 1.324670976, 1.547894784, 1.680228352, 1.681752064]
Main usage 12: [1.290371072, 1.747562496, 0.989995008, 1.012875264, 1.58824448, 1.58963712, 1.994006528, 1.70053632, 1.775869952, 1.998413824, 1.103962112, 1.025236992, 2.252046336]
Run 52: 
UNet Model: [1.686106112, 1.627467776, 1.626861568, 1.143488512, 1.217175552, 1.217916928, 1.29818624, 1.298915328, 1.592479744, 2.072920064, 2.074812416]
Run 53: 
UNet Model: [2.074812416, 1.102893056, 1.395986432, 1.140146176, 1.191329792, 1.169727488, 1.220591616, 1.376346112, 1.589805056, 2.038280192, 2.038280192]
Run 54: 
UNet Model: [2.038280192, 1.892794368, 1.413275648, 1.3344768, 1.147711488, 1.23639808, 1.278337024, 1.377681408, 1.594732544, 2.075938816, 2.076667904]
Run 55: 
UNet Model: [2.076667904, 1.10393344, 1.397313536, 1.141321728, 1.214558208, 1.214939136, 1.221001216, 1.364738048, 1.701101568, 2.036789248, 2.037551104]
Main usage 13: [1.290371072, 1.747562496, 0.989995008, 1.012875264, 1.58824448, 1.58963712, 1.994006528, 1.70053632, 1.775869952, 1.998413824, 1.103962112, 1.025236992, 2.252046336, 1.684529152]
Run 56: 
UNet Model: [1.102020608, 1.481572352, 1.42204928, 1.125986304, 1.124446208, 1.112109056, 1.133318144, 1.29622016, 1.644253184, 1.604530176, 1.604747264]
Run 57: 
UNet Model: [1.604747264, 1.6053248, 1.387204608, 1.383141376, 1.376976896, 1.054322688, 1.13229824, 1.296904192, 1.655332864, 1.614647296, 1.614815232]
Run 58: 
UNet Model: [1.614815232, 1.428811776, 1.289547776, 1.019789312, 1.092415488, 1.051222016, 1.1565056, 1.245184, 1.468112896, 2.211639296, 2.212655104]
Run 59: 
UNet Model: [1.023881216, 1.41508608, 1.032323072, 1.16338688, 1.163034624, 1.052073984, 1.157517312, 1.18114304, 1.506684928, 1.60014336, 1.60141312]
Main usage 14: [1.290371072, 1.747562496, 0.989995008, 1.012875264, 1.58824448, 1.58963712, 1.994006528, 1.70053632, 1.775869952, 1.998413824, 1.103962112, 1.025236992, 2.252046336, 1.684529152, 1.099051008]
Run 60: 
UNet Model: [1.564704768, 1.471963136, 1.471930368, 1.472565248, 1.12513024, 1.14628608, 1.225740288, 1.302806528, 1.522814976, 1.963671552, 1.963880448]
Run 61: 
UNet Model: [1.069850624, 1.460801536, 1.057964032, 1.199484928, 1.188876288, 1.09852672, 1.204170752, 1.29132544, 1.652621312, 1.977901056, 1.979424768]
Run 62: 
UNet Model: [1.979424768, 1.880502272, 1.082507264, 1.213886464, 1.170239488, 1.073246208, 1.205379072, 1.309605888, 1.51744512, 1.652166656, 1.653436416]
Run 63: 
UNet Model: [1.653436416, 1.692672, 1.694035968, 1.196163072, 1.197010944, 1.141538816, 1.148870656, 1.316524032, 1.677971456, 1.979379712, 1.979887616]
Main usage 15: [1.290371072, 1.747562496, 0.989995008, 1.012875264, 1.58824448, 1.58963712, 1.994006528, 1.70053632, 1.775869952, 1.998413824, 1.103962112, 1.025236992, 2.252046336, 1.684529152, 1.099051008, 1.563353088]
Dice Score: 0.756687581539154
