Memory usage: 
Run 0: 
UNet Model: [1.253412864, 1.477910528, 1.294737408, 1.04286208, 1.002676224, 1.397526528, 1.159749632, 0.95533056, 1.373069312, 2.0100096, 2.009694208]
Run 1: 
UNet Model: [0.913317888, 1.304215552, 1.126375424, 0.92092416, 0.989536256, 0.94531584, 1.049468928, 1.137692672, 1.361977344, 1.810239488, 1.810239488]
Run 2: 
UNet Model: [1.810239488, 1.62699264, 1.622519808, 1.621901312, 1.620221952, 0.989745152, 1.02694912, 1.142235136, 1.477799936, 1.814491136, 1.81471232]
Run 3: 
UNet Model: [1.81471232, 1.64804608, 1.647337472, 1.647775744, 1.64569088, 0.9911296, 1.028841472, 1.144418304, 1.367175168, 1.816059904, 1.81633024]
Main usage 0: [1.253142528]
Run 4: 
UNet Model: [1.821483008, 1.396076544, 1.39583488, 1.394487296, 1.050832896, 1.018769408, 1.12439296, 1.213820928, 1.439617024, 1.887502336, 1.887502336]
Run 5: 
UNet Model: [1.887502336, 1.719709696, 1.720020992, 1.719513088, 1.717706752, 1.064271872, 1.101340672, 1.216421888, 1.440169984, 1.887797248, 1.8880512]
Run 6: 
UNet Model: [1.8880512, 1.741090816, 1.20471552, 1.204711424, 1.204711424, 1.02334464, 1.128783872, 1.215889408, 1.440067584, 1.88807168, 1.888325632]
Run 7: 
UNet Model: [1.888325632, 1.72449792, 1.204805632, 1.205035008, 1.204707328, 1.02354944, 1.128820736, 1.216290816, 1.43996928, 1.888641024, 1.888862208]
Main usage 1: [1.253142528, 1.819492352]
Run 8: 
UNet Model: [0.974708736, 1.42280704, 1.404444672, 1.165774848, 1.164378112, 1.062670336, 1.16604928, 1.254109184, 1.478537216, 1.92827392, 1.9279872]
Run 9: 
UNet Model: [1.9279872, 1.75142912, 1.751744512, 1.751343104, 1.749417984, 1.108832256, 1.147629568, 1.2613632, 1.484521472, 1.933062144, 1.932935168]
Run 10: 
UNet Model: [1.932935168, 1.744203776, 1.744072704, 1.73596672, 1.733865472, 1.1012096, 1.138126848, 1.253486592, 1.47695616, 1.924575232, 1.925083136]
Run 11: 
UNet Model: [1.925083136, 1.778180096, 1.24162048, 1.241616384, 1.241616384, 1.116340224, 1.138274304, 1.189240832, 1.477136384, 1.92507904, 1.925586944]
Main usage 2: [1.253142528, 1.819492352, 0.955764736]
Run 12: 
UNet Model: [0.9706496, 1.36957952, 1.177268224, 1.177776128, 1.176322048, 0.988811264, 1.090985984, 1.179648, 1.404018688, 1.852481536, 1.852719104]
Run 13: 
UNet Model: [1.852719104, 1.669083136, 1.665011712, 1.664888832, 1.662726144, 1.032671232, 1.069944832, 1.184976896, 1.40836864, 1.856548864, 1.856897024]
Run 14: 
UNet Model: [1.856897024, 1.688829952, 0.972197888, 1.10329856, 1.103171584, 0.991936512, 1.095176192, 1.184268288, 1.408868352, 1.856749568, 1.856958464]
Run 15: 
UNet Model: [1.856958464, 1.711468544, 1.699835904, 1.699680256, 1.699295232, 0.993574912, 1.095684096, 1.184653312, 1.409937408, 1.857794048, 1.858035712]
Main usage 3: [1.253142528, 1.819492352, 0.955764736, 0.9684992]
Run 16: 
UNet Model: [0.945733632, 1.390977024, 1.214926848, 1.215578112, 1.215074304, 1.088421888, 1.111523328, 1.1624448, 1.449414656, 1.897312256, 1.897566208]
Run 17: 
UNet Model: [1.897566208, 1.714139136, 1.714307072, 1.714335744, 1.712529408, 1.697230848, 1.130049536, 1.23015168, 1.453522944, 1.901395968, 1.90205952]
Run 18: 
UNet Model: [1.90205952, 1.902227456, 1.217933312, 1.21788416, 1.218301952, 1.037021184, 1.14122752, 1.229713408, 1.45297408, 1.901645824, 1.902206976]
Run 19: 
UNet Model: [1.902206976, 1.756479488, 1.271939072, 1.113092096, 1.111375872, 1.03733248, 1.1394048, 1.228607488, 1.453662208, 1.901666304, 1.902227456]
Main usage 4: [1.253142528, 1.819492352, 0.955764736, 0.9684992, 0.928022528]
Run 20: 
UNet Model: [1.865785344, 1.458753536, 1.458425856, 1.453903872, 1.45125376, 1.12488448, 1.163350016, 1.278582784, 1.50167552, 1.95002368, 1.950625792]
Run 21: 
UNet Model: [1.950625792, 1.054928896, 1.318449152, 1.324593152, 1.324720128, 1.125285888, 1.163067392, 1.278881792, 1.501413376, 1.950019584, 1.950121984]
Run 22: 
UNet Model: [1.950121984, 1.76128, 1.761107968, 1.760526336, 1.758912512, 1.126424576, 1.16371456, 1.278980096, 1.502232576, 1.950298112, 1.950552064]
Run 23: 
UNet Model: [1.950552064, 1.803649024, 1.267064832, 1.267187712, 1.267187712, 1.141936128, 1.163870208, 1.214717952, 1.502253056, 1.950445568, 1.950912512]
Main usage 5: [1.253142528, 1.819492352, 0.955764736, 0.9684992, 0.928022528, 1.86261504]
Run 24: 
UNet Model: [1.019957248, 1.401032704, 1.156472832, 1.156087808, 1.15544064, 1.029353472, 1.050939392, 1.102024704, 1.389617152, 1.837481984, 1.837481984]
Run 25: 
UNet Model: [1.837481984, 1.653727232, 1.65369856, 1.653878784, 1.649266688, 0.973459456, 1.077665792, 1.166905344, 1.390751744, 1.838964736, 1.839218688]
Run 26: 
UNet Model: [1.839218688, 1.818300416, 1.155878912, 1.155796992, 1.155796992, 0.974577664, 1.077628928, 1.166811136, 1.390993408, 1.83877632, 1.839284224]
Run 27: 
UNet Model: [1.839284224, 1.664815104, 1.660698624, 1.65627904, 1.65003264, 0.974430208, 1.07776, 1.166999552, 1.39071488, 1.838903296, 1.839378432]
Main usage 6: [1.253142528, 1.819492352, 0.955764736, 0.9684992, 0.928022528, 1.86261504, 1.018314752]
Run 28: 
UNet Model: [0.913301504, 1.356423168, 1.341661184, 0.961773568, 1.037934592, 0.995254272, 1.103572992, 1.191424, 1.416794112, 1.864761344, 1.864728576]
Run 29: 
UNet Model: [1.864728576, 1.683423232, 1.679040512, 1.678942208, 1.676705792, 1.046843392, 1.084588032, 1.199501312, 1.422651392, 1.871101952, 1.871269888]
Run 30: 
UNet Model: [1.871269888, 0.975855616, 1.239519232, 1.081892864, 1.081806848, 1.00562944, 1.108975616, 1.198153728, 1.422327808, 1.87019264, 1.87019264]
Run 31: 
UNet Model: [1.87019264, 1.686843392, 1.682599936, 1.682198528, 1.680273408, 1.047560192, 1.084882944, 1.199988736, 1.422782464, 1.87056128, 1.871069184]
Main usage 7: [1.253142528, 1.819492352, 0.955764736, 0.9684992, 0.928022528, 1.86261504, 1.018314752, 0.89434112]
Run 32: 
UNet Model: [1.875193856, 1.425956864, 1.42614528, 1.425895424, 1.02957056, 1.0984448, 1.132314624, 1.181646848, 1.469247488, 1.917366272, 1.917874176]
Run 33: 
UNet Model: [1.917874176, 1.749651456, 1.749446656, 1.74962688, 1.747316736, 1.0937344, 1.130676224, 1.246060544, 1.469353984, 1.917968384, 1.918222336]
Run 34: 
UNet Model: [1.918222336, 1.425678336, 1.425903616, 1.42133248, 1.02309888, 1.092407296, 1.131515904, 1.2465152, 1.470160896, 1.918058496, 1.918312448]
Run 35: 
UNet Model: [1.918312448, 1.425895424, 1.425993728, 1.425870848, 1.423745024, 1.0945536, 1.131630592, 1.246736384, 1.470181376, 1.918078976, 1.918205952]
Main usage 8: [1.253142528, 1.819492352, 0.955764736, 0.9684992, 0.928022528, 1.86261504, 1.018314752, 0.89434112, 1.873473536]
Run 36: 
UNet Model: [1.006870528, 1.455095808, 1.277390848, 1.277571072, 1.276514304, 1.095176192, 1.173041152, 1.102114816, 1.533546496, 1.959616512, 1.960124416]
Run 37: 
UNet Model: [1.960124416, 1.831120896, 1.33435392, 1.17563392, 1.173655552, 1.099292672, 1.202581504, 1.291894784, 1.515638784, 1.963700224, 1.964208128]
Run 38: 
UNet Model: [1.964208128, 1.775173632, 1.775210496, 1.774854144, 1.77303552, 1.140355072, 1.178198016, 1.29327104, 1.516613632, 1.964961792, 1.96519936]
Run 39: 
UNet Model: [1.96519936, 1.797115904, 1.796890624, 1.796988928, 1.793183744, 1.139892224, 1.176969216, 1.292218368, 1.51566336, 1.963544576, 1.963544576]
Main usage 9: [1.253142528, 1.819492352, 0.955764736, 0.9684992, 0.928022528, 1.86261504, 1.018314752, 0.89434112, 1.873473536, 0.986136576]
Run 40: 
UNet Model: [1.02387712, 1.371205632, 1.164509184, 1.165340672, 1.163751424, 1.038548992, 1.060134912, 1.185865728, 1.3988864, 1.846837248, 1.8470912]
Run 41: 
UNet Model: [1.8470912, 0.951689216, 1.21573376, 1.060728832, 1.060696064, 0.984354816, 1.088442368, 1.175724032, 1.399775232, 1.84797184, 1.848143872]
Run 42: 
UNet Model: [1.848143872, 1.659899904, 1.659977728, 1.65984256, 1.657720832, 1.025036288, 1.061920768, 1.177018368, 1.40085248, 1.8487296, 1.8487296]
Run 43: 
UNet Model: [1.8487296, 0.95369216, 1.217654784, 1.05990144, 1.059823616, 0.98359296, 1.086746624, 1.17583872, 1.40036096, 1.848143872, 1.848651776]
Main usage 10: [1.253142528, 1.819492352, 0.955764736, 0.9684992, 0.928022528, 1.86261504, 1.018314752, 0.89434112, 1.873473536, 0.986136576, 1.021812736]
Run 44: 
UNet Model: [1.655197696, 1.346392064, 1.34555648, 1.341407232, 1.338331136, 1.062940672, 1.100148736, 1.214967808, 1.438511104, 1.88633088, 1.886502912]
Run 45: 
UNet Model: [1.886502912, 0.991543296, 1.255284736, 1.265410048, 1.048260608, 1.018269696, 1.123569664, 1.213165568, 1.438593024, 1.886502912, 1.886756864]
Run 46: 
UNet Model: [1.886756864, 0.991338496, 1.255305216, 1.100398592, 1.100525568, 1.024196608, 1.121042432, 1.21735168, 1.440649216, 1.888858112, 1.888858112]
Run 47: 
UNet Model: [1.888858112, 1.705078784, 1.700913152, 1.700880384, 1.698758656, 1.065947136, 1.10215168, 1.050169344, 1.436041216, 2.092015616, 2.092457984]
Main usage 11: [1.253142528, 1.819492352, 0.955764736, 0.9684992, 0.928022528, 1.86261504, 1.018314752, 0.89434112, 1.873473536, 0.986136576, 1.021812736, 1.65316608]
Run 48: 
UNet Model: [0.971739136, 1.40494848, 1.247268864, 1.247879168, 1.246363648, 1.064812544, 1.167618048, 1.257201664, 1.48156416, 1.929396224, 1.929846784]
Run 49: 
UNet Model: [1.929846784, 1.746620416, 1.74235648, 1.742016512, 1.740197888, 1.110437888, 1.148710912, 1.19805952, 1.485611008, 1.926311936, 1.927581696]
Run 50: 
UNet Model: [1.927581696, 1.759916032, 1.759485952, 1.759367168, 1.757401088, 1.103220736, 1.140187136, 1.255235584, 1.47877888, 1.92700416, 1.92700416]
Run 51: 
UNet Model: [1.92700416, 1.759113216, 1.758994432, 1.75904768, 1.756852224, 1.103376384, 1.140580352, 1.25566976, 1.479225344, 1.927028736, 1.926995968]
Main usage 12: [1.253142528, 1.819492352, 0.955764736, 0.9684992, 0.928022528, 1.86261504, 1.018314752, 0.89434112, 1.873473536, 0.986136576, 1.021812736, 1.65316608, 2.054569984]
Run 52: 
UNet Model: [1.015967744, 1.46204672, 1.285890048, 1.286197248, 1.285091328, 1.15976192, 1.181601792, 1.296928768, 1.520340992, 1.968562176, 1.968553984]
Run 53: 
UNet Model: [1.968553984, 1.47748864, 1.47736576, 1.477292032, 1.475321856, 1.149353984, 1.186623488, 1.350475776, 1.722458112, 2.009010176, 2.00951808]
Run 54: 
UNet Model: [2.00951808, 1.480658944, 1.289961472, 1.290162176, 1.134936064, 1.156141056, 1.186762752, 1.301860352, 1.525153792, 1.97376, 1.973981184]
Run 55: 
UNet Model: [1.973981184, 1.48123648, 1.481416704, 1.481367552, 1.479340032, 1.150255104, 1.18720512, 1.302581248, 1.5255552, 1.973907456, 1.973907456]
Main usage 13: [1.253142528, 1.819492352, 0.955764736, 0.9684992, 0.928022528, 1.86261504, 1.018314752, 0.89434112, 1.873473536, 0.986136576, 1.021812736, 1.65316608, 2.054569984, 0.996257792]
Run 56: 
UNet Model: [1.043513344, 1.341657088, 1.170137088, 1.170223104, 1.169408, 0.988147712, 1.066377216, 1.181274112, 1.404657664, 1.852813312, 1.852813312]
Run 57: 
UNet Model: [1.812045824, 1.361686528, 1.362161664, 1.361891328, 1.359601664, 1.03340032, 1.071849472, 1.18562816, 1.40855296, 1.856557056, 1.856557056]
Run 58: 
UNet Model: [1.816092672, 1.79408896, 0.97216512, 1.103679488, 1.103679488, 0.965148672, 1.094311936, 1.18591488, 1.41010944, 1.85812992, 1.858363392]
Run 59: 
UNet Model: [1.817366528, 1.365434368, 1.365000192, 1.365757952, 1.364791296, 1.034440704, 1.071460352, 1.186516992, 1.40910592, 1.85778176, 1.85778176]
Main usage 14: [1.253142528, 1.819492352, 0.955764736, 0.9684992, 0.928022528, 1.86261504, 1.018314752, 0.89434112, 1.873473536, 0.986136576, 1.021812736, 1.65316608, 2.054569984, 0.996257792, 1.041178624]
Run 60: 
UNet Model: [0.945053696, 1.382821888, 1.217077248, 1.01142528, 1.080123392, 1.031069696, 1.112383488, 1.2274688, 1.451139072, 1.899298816, 1.899462656]
Run 61: 
UNet Model: [1.858494464, 1.408270336, 1.408098304, 1.408200704, 1.406046208, 1.079857152, 1.118035968, 1.231921152, 1.45491968, 1.903128576, 1.903095808]
Run 62: 
UNet Model: [1.903095808, 1.41080576, 1.410760704, 1.410813952, 1.408679936, 1.07962368, 1.1184128, 1.232154624, 1.454657536, 1.633624064, 1.633726464]
Run 63: 
UNet Model: [1.633726464, 1.633611776, 1.505411072, 1.500741632, 1.4946304, 1.038901248, 1.11699968, 1.232166912, 1.454628864, 1.904361472, 1.904820224]
Main usage 15: [1.253142528, 1.819492352, 0.955764736, 0.9684992, 0.928022528, 1.86261504, 1.018314752, 0.89434112, 1.873473536, 0.986136576, 1.021812736, 1.65316608, 2.054569984, 0.996257792, 1.041178624, 0.927227904]
Dice Score: 0.756687581539154
